0 31
0 93
0 424
0 541
0 565
0 755
0 788
0 915
1 245
1 284
1 727
1 795
1 814
2 27
2 78
2 486
3 216
3 290
3 320
3 617
3 785
3 890
4 46
4 84
4 396
4 608
4 871
5 468
5 704
5 784
6 263
6 460
6 749
6 840
7 46
7 175
7 205
7 289
7 495
7 528
7 721
8 36
8 138
8 195
8 208
8 387
8 905
9 265
10 161
10 623
10 754
10 795
11 87
11 586
11 611
11 735
11 749
12 584
12 698
12 723
12 791
12 820
12 852
13 221
13 337
13 419
13 868
14 17
14 126
14 130
14 572
14 750
14 899
15 688
15 957
16 277
17 23
17 364
17 375
17 858
18 405
18 478
18 514
18 532
19 111
19 166
19 200
19 539
20 601
20 625
20 881
21 393
22 191
22 495
22 515
22 645
22 823
22 856
23 280
23 341
23 355
23 622
23 675
23 716
23 835
23 987
23 989
24 33
24 203
24 258
24 421
24 426
25 139
25 162
25 488
25 729
25 900
25 919
26 496
26 524
26 588
26 625
27 743
28 32
28 41
28 100
28 546
28 616
28 839
28 848
29 191
29 448
29 583
30 51
30 425
30 661
30 693
31 87
31 260
31 311
31 532
31 711
31 787
32 328
32 448
32 459
32 471
32 557
32 708
32 766
33 393
33 563
33 653
33 707
33 820
33 929
34 188
34 223
34 387
35 86
35 170
35 262
35 486
35 871
36 351
36 979
37 82
37 235
37 322
37 572
37 892
37 972
38 162
39 94
40 489
40 576
40 750
41 203
41 346
42 81
42 495
42 535
42 705
42 787
42 822
42 970
42 978
43 294
43 323
43 735
43 999
44 225
44 310
44 328
44 874
44 925
45 50
45 107
45 412
45 525
45 640
45 663
45 703
45 717
45 898
45 942
46 151
46 285
46 389
46 527
46 533
46 990
47 221
47 440
47 441
47 657
47 720
48 562
48 718
48 735
48 949
48 952
48 982
49 824
49 829
49 965
50 94
50 95
50 310
50 608
50 762
50 915
50 987
51 744
51 869
52 487
52 626
53 55
53 676
53 788
54 175
54 318
54 333
54 360
54 836
55 209
55 219
55 256
55 439
55 460
55 526
55 545
55 560
56 227
56 694
56 812
56 974
57 221
57 700
58 308
58 432
58 791
59 295
59 392
59 472
59 594
59 596
59 753
60 85
60 204
60 472
60 473
60 798
60 930
61 185
61 187
61 374
61 423
61 549
61 884
61 959
62 94
62 307
62 693
62 705
63 158
63 195
63 196
63 490
63 671
63 870
64 74
64 282
64 498
64 821
65 218
65 273
65 497
65 554
65 912
65 972
66 84
66 162
66 294
66 677
66 813
67 88
67 110
67 543
67 819
67 874
68 431
68 707
68 756
68 999
69 88
69 554
69 768
69 973
70 821
71 660
71 779
72 90
72 121
72 167
72 270
72 575
72 823
72 907
72 933
73 119
73 703
74 171
74 219
74 465
74 867
75 213
75 297
75 449
75 666
75 903
75 947
76 277
76 415
76 589
76 976
77 801
77 864
77 917
78 256
78 549
78 616
78 629
78 739
78 765
79 528
79 657
80 767
80 846
80 968
81 184
81 630
81 674
81 742
81 977
82 395
82 416
82 733
82 797
82 941
83 680
83 737
84 243
84 433
84 455
85 180
85 263
85 537
85 976
86 150
86 640
86 675
86 705
86 787
87 498
87 563
87 586
87 768
87 796
88 515
88 570
88 703
89 116
89 150
89 280
89 348
89 482
89 525
89 806
89 866
90 139
90 327
91 149
91 520
91 717
91 914
91 958
92 207
92 244
92 350
92 467
92 488
92 570
92 654
92 894
92 941
93 173
93 363
93 368
93 425
93 795
94 257
94 451
94 454
94 639
94 649
94 668
94 761
95 335
95 689
95 761
95 910
95 928
96 593
96 667
97 226
97 613
97 673
97 685
97 784
98 531
98 838
98 852
99 206
99 491
99 548
99 677
99 772
99 891
100 119
100 254
100 799
100 879
100 995
101 330
101 340
101 505
102 161
102 173
102 359
102 614
102 772
102 920
102 939
103 177
103 213
103 693
105 165
105 256
105 901
106 134
106 355
106 365
106 571
106 840
106 919
106 938
107 223
107 654
107 753
107 859
107 891
108 165
108 411
108 662
108 727
108 997
109 564
109 813
110 313
110 652
111 211
111 345
111 384
111 756
111 782
111 898
111 944
112 279
112 669
112 714
112 906
112 932
113 314
113 413
113 483
113 491
113 856
114 161
114 856
114 907
114 983
115 206
115 217
115 369
115 483
115 734
115 964
115 988
116 428
116 562
116 608
116 656
116 680
116 804
116 876
116 972
117 256
117 293
117 309
117 429
117 604
117 610
117 701
117 760
117 799
118 179
118 239
118 383
118 501
118 584
118 765
118 939
119 220
119 380
119 387
119 627
120 196
120 618
120 940
121 221
121 915
121 939
121 979
122 577
122 750
122 787
122 874
123 233
123 292
123 539
123 634
123 669
123 717
123 778
123 941
124 399
124 402
124 405
124 538
124 952
125 291
125 416
125 482
125 501
125 642
125 769
125 805
125 956
126 210
126 372
127 190
127 582
127 844
127 871
128 837
129 185
129 397
129 463
129 541
129 558
129 593
129 644
129 867
129 894
130 308
130 780
130 963
131 167
131 209
131 228
131 306
131 519
131 525
131 569
131 990
132 375
132 945
133 277
133 389
133 561
133 629
133 779
133 789
133 836
134 592
134 654
135 368
135 435
135 437
135 537
135 692
135 903
136 211
136 256
136 784
137 168
137 277
137 298
137 381
137 567
137 622
137 780
138 143
138 340
138 523
138 597
138 702
139 372
139 683
139 689
140 909
141 228
141 512
142 196
142 272
142 288
142 872
142 974
143 499
143 557
143 730
143 818
144 149
144 554
144 685
144 966
145 281
145 288
145 398
145 732
145 827
146 193
146 258
146 342
146 762
146 778
146 920
147 382
147 470
147 963
148 450
148 585
148 592
148 641
148 695
148 782
149 412
149 660
149 991
150 428
150 476
150 549
150 566
150 699
150 838
151 358
151 571
151 720
151 955
151 969
152 391
152 439
152 469
152 709
152 737
152 985
153 176
153 192
153 378
153 442
153 869
153 980
154 177
154 390
154 490
154 937
155 628
155 659
155 910
156 342
156 377
156 395
156 482
156 513
156 540
156 583
156 668
156 868
157 183
157 485
157 573
157 574
157 586
158 164
158 949
158 973
159 536
159 672
159 676
159 954
159 965
160 421
160 895
160 938
161 469
161 472
161 521
161 829
161 937
162 709
163 256
163 434
163 677
164 591
164 644
164 805
164 809
165 214
165 762
165 763
165 876
165 977
166 301
166 338
166 819
166 950
167 170
167 281
167 354
167 561
167 742
168 506
168 592
168 879
169 192
169 266
169 366
169 457
169 514
169 525
169 599
170 176
170 261
170 386
170 517
170 792
170 904
170 911
170 930
170 934
170 961
171 215
171 380
171 418
171 437
171 921
171 989
172 938
173 335
173 838
173 929
174 322
174 608
175 178
175 263
175 297
175 404
175 414
175 442
175 604
175 805
176 272
176 316
176 342
176 413
176 683
176 715
176 985
177 234
177 382
177 446
177 504
178 218
178 281
178 466
178 477
178 650
178 678
178 806
178 840
178 983
179 553
179 813
180 258
180 497
180 815
180 930
181 210
181 426
181 719
182 256
182 404
182 670
182 741
182 842
182 846
182 891
182 910
183 415
183 466
183 525
183 703
183 710
183 818
183 846
184 243
184 259
184 452
184 497
184 595
184 816
184 869
184 900
185 528
185 586
185 981
186 319
186 331
186 504
186 707
186 949
187 409
187 436
187 563
188 332
188 659
189 468
189 663
189 697
189 836
190 389
190 575
190 649
190 651
190 908
191 435
191 540
191 610
191 794
191 815
191 980
192 422
192 491
193 236
193 790
194 398
194 407
194 636
194 659
194 787
194 861
194 959
195 203
195 224
195 304
195 361
195 404
195 535
195 693
195 725
195 814
195 860
196 375
196 441
196 603
196 642
197 577
197 591
197 647
198 610
198 721
198 953
199 281
199 471
199 636
199 762
200 228
200 292
201 578
201 644
201 751
201 783
201 847
201 916
201 941
202 297
202 728
202 998
203 213
203 377
203 578
203 612
203 948
204 270
204 853
204 895
205 365
205 476
205 832
205 843
206 587
206 693
206 893
207 796
207 809
208 345
208 381
208 674
208 983
209 217
209 341
209 402
209 481
209 635
209 741
209 760
210 223
210 476
210 536
210 645
211 388
211 480
211 539
211 541
211 850
212 427
212 861
212 886
212 910
213 659
213 768
213 888
214 572
214 671
214 673
214 678
214 856
214 935
217 288
217 301
217 450
217 477
217 915
218 232
218 246
218 490
218 498
218 753
218 794
219 263
219 623
219 965
220 226
220 361
220 454
220 598
220 775
221 222
221 706
221 775
221 920
222 375
222 528
222 717
222 949
222 989
223 238
223 496
224 327
224 418
224 611
225 408
225 896
226 828
226 850
226 860
226 914
227 527
227 559
227 838
227 953
228 264
228 305
228 718
228 891
229 499
229 535
229 705
229 752
230 260
230 587
230 607
230 739
230 988
231 246
231 453
231 467
232 265
232 564
232 607
232 683
232 728
232 834
233 244
233 312
233 620
233 642
233 831
233 862
234 294
234 411
234 453
234 462
234 531
236 908
237 387
237 913
238 308
238 323
238 356
238 504
238 516
238 582
238 583
238 834
239 543
239 581
239 981
240 315
240 354
240 753
240 962
241 643
241 772
241 849
241 987
242 731
242 737
242 785
242 900
243 397
243 420
243 698
243 706
243 717
243 939
243 960
244 614
244 850
245 710
246 439
246 444
246 536
246 540
246 729
246 939
247 285
247 590
247 813
248 309
248 520
249 448
250 317
250 327
250 357
250 514
250 878
250 893
250 909
251 540
251 761
252 424
252 467
252 935
253 427
253 537
253 543
253 655
254 973
255 273
256 541
256 649
256 682
256 683
256 920
257 366
257 530
257 754
257 800
257 889
257 943
257 981
258 365
258 457
258 828
258 841
259 649
260 439
260 796
260 884
260 933
261 482
261 815
261 953
262 322
262 382
262 430
262 529
262 666
262 724
262 725
263 582
264 348
264 549
264 681
264 806
265 306
265 351
265 436
265 454
265 517
265 806
265 829
265 969
266 664
266 712
266 728
266 797
266 882
266 909
266 977
266 998
267 747
267 801
267 970
268 593
268 662
268 843
268 957
269 916
269 997
270 300
270 588
270 727
270 728
270 839
270 892
270 980
271 356
271 374
271 407
271 529
271 541
271 634
272 514
272 820
273 274
273 286
273 348
273 748
273 924
273 963
274 345
274 540
275 468
275 469
275 802
275 827
275 877
276 324
276 717
276 841
277 404
277 601
277 651
278 522
278 547
279 635
279 777
280 521
280 607
280 910
280 950
280 980
281 509
281 681
281 718
282 294
282 431
282 627
282 764
282 957
283 431
283 751
284 479
284 540
284 979
284 994
285 300
285 340
285 636
285 810
285 841
285 878
285 925
286 662
287 415
287 766
287 988
288 397
288 479
288 663
288 675
288 726
288 982
289 381
289 475
289 527
289 725
290 386
290 851
290 979
291 310
291 447
291 754
291 866
293 483
293 573
293 807
294 362
294 472
295 348
295 413
295 562
295 742
295 881
295 909
296 421
297 586
298 379
298 569
298 627
298 679
298 741
299 815
299 827
299 933
299 955
300 619
300 643
300 748
301 454
301 474
301 776
301 816
301 819
302 574
302 592
302 801
302 928
303 372
303 649
303 732
303 999
304 428
304 655
304 800
304 902
304 905
304 941
304 955
305 421
305 533
306 470
306 627
307 389
307 717
307 970
308 836
308 869
309 455
309 562
309 644
309 685
309 696
309 840
309 895
310 577
310 805
310 970
311 411
311 432
311 802
312 562
312 647
312 848
312 906
313 317
313 432
313 535
313 564
313 752
313 952
314 772
314 792
315 403
315 824
315 830
315 949
315 956
316 361
316 530
316 659
316 909
316 960
317 664
317 707
318 440
318 454
318 632
319 940
320 350
320 749
320 832
320 972
321 397
321 445
321 894
321 923
323 377
323 389
323 390
323 481
323 550
323 597
324 585
324 748
325 540
325 614
325 927
327 409
327 415
327 510
327 844
328 442
328 778
328 810
329 626
329 821
329 894
330 342
330 727
330 734
330 780
330 907
331 477
332 355
332 409
332 500
332 955
333 341
333 358
333 527
333 768
333 875
333 892
334 452
334 754
334 807
335 524
335 701
336 368
336 902
336 987
337 431
337 481
337 494
337 625
337 829
337 963
338 377
338 591
340 345
340 487
341 718
341 928
342 350
342 441
342 804
342 962
343 420
343 663
343 702
343 764
344 502
344 714
344 804
345 399
345 517
345 617
345 774
346 648
346 721
346 756
346 760
346 771
346 795
346 817
347 683
347 922
348 752
348 960
349 389
349 597
349 793
350 366
350 624
350 823
351 372
351 445
351 877
352 471
352 486
353 442
353 555
353 713
353 976
354 533
355 998
356 368
356 462
356 746
356 969
357 518
357 685
358 756
358 980
359 573
359 635
359 950
360 430
360 465
360 718
360 845
360 868
361 482
361 668
361 698
362 410
362 992
363 631
363 685
363 789
364 375
364 533
364 834
364 919
364 990
365 730
365 808
366 383
366 898
367 391
367 734
367 766
367 802
369 651
369 977
370 596
370 830
371 385
371 765
371 922
372 556
372 699
372 960
373 387
373 791
374 883
375 482
375 616
375 625
375 645
375 680
375 855
376 562
376 640
376 822
376 989
377 407
377 661
377 904
378 461
378 734
378 857
378 985
379 686
380 477
381 382
381 473
381 815
382 469
382 474
382 612
382 789
383 779
383 781
383 949
384 631
384 648
384 652
384 716
384 785
385 389
385 606
385 762
385 884
386 693
386 694
386 879
386 917
387 745
388 656
388 827
389 615
389 655
389 935
390 452
390 837
390 995
391 917
392 641
392 930
392 999
393 459
393 510
393 761
393 865
394 819
394 930
395 521
395 542
395 618
395 667
396 527
396 828
397 594
397 603
397 635
397 960
398 540
398 808
399 521
399 599
399 882
400 406
400 485
400 540
400 663
400 740
400 873
401 418
401 545
401 571
401 817
402 463
402 882
402 984
403 470
403 521
404 681
404 781
405 917
405 971
405 975
406 719
406 947
407 446
407 447
407 684
407 800
407 978
407 990
408 772
408 848
408 906
408 944
409 641
409 658
409 765
409 798
409 850
410 508
410 681
410 829
410 957
411 521
411 533
411 686
411 732
411 791
412 719
413 425
413 780
414 613
414 648
414 792
414 902
416 755
417 520
417 594
417 607
417 879
418 722
418 805
418 813
419 587
419 963
420 634
420 949
422 433
422 443
422 478
422 885
423 887
423 998
424 974
425 739
425 904
426 523
426 964
427 560
427 711
427 772
427 963
428 486
428 760
428 863
428 919
429 661
429 749
429 763
431 647
431 802
432 777
432 819
432 845
432 960
433 611
433 617
433 656
433 940
434 640
434 691
434 753
434 797
435 488
435 711
435 728
435 849
435 878
436 602
436 623
436 892
437 563
437 922
438 505
438 697
439 539
439 666
440 581
440 667
440 837
440 879
440 884
440 932
440 958
441 584
441 857
442 574
442 683
442 703
442 860
443 576
443 718
443 804
444 479
444 942
444 986
445 561
445 719
445 900
446 551
446 816
446 921
448 557
448 691
448 870
448 989
449 624
449 789
449 960
450 480
451 615
451 670
451 896
453 596
453 867
453 887
454 587
454 688
454 880
454 982
454 989
455 485
455 514
455 630
455 669
455 698
455 742
455 781
455 824
456 497
456 845
456 932
457 566
457 864
457 906
458 728
458 905
459 832
460 639
460 705
460 775
460 799
460 871
460 961
460 977
461 471
461 772
461 896
461 992
462 487
462 521
462 522
462 765
462 845
462 876
463 616
463 780
463 803
464 476
464 643
465 494
465 816
465 891
465 929
465 958
465 968
466 521
466 598
466 882
466 925
467 541
467 823
469 579
469 622
469 718
469 752
469 763
469 819
469 874
469 909
469 927
470 600
470 730
470 796
470 815
470 860
471 720
472 524
472 553
472 807
472 907
473 506
473 515
473 544
473 557
474 627
474 693
474 755
474 917
475 640
475 703
476 498
476 594
476 986
477 834
477 892
478 823
478 878
478 948
479 653
479 747
480 751
480 842
481 570
481 722
481 918
483 512
483 677
483 881
483 955
484 864
485 884
485 909
486 671
487 638
487 646
487 675
487 747
488 578
488 592
488 924
489 657
490 521
490 738
490 793
491 545
492 690
492 963
493 840
493 841
493 939
494 496
494 595
495 666
495 779
495 829
496 548
496 699
496 758
497 537
498 579
498 635
498 784
498 821
498 883
499 526
499 562
499 958
499 996
500 637
500 878
500 916
501 641
501 834
501 873
502 633
503 675
503 754
504 808
504 850
504 864
505 647
505 952
506 993
507 864
507 873
507 975
507 980
508 651
508 704
508 861
509 999
510 581
510 591
510 593
510 629
510 745
511 619
511 766
512 538
512 628
512 879
513 533
513 597
513 703
513 945
514 773
514 779
515 870
515 962
516 709
516 748
516 920
516 958
517 983
517 998
518 544
518 929
519 596
519 738
519 842
519 894
519 943
520 768
520 771
520 774
520 882
520 924
521 699
522 717
522 875
523 667
525 548
525 708
525 923
526 818
526 931
526 934
527 553
527 616
527 982
528 883
529 575
529 636
529 978
530 612
530 745
531 596
531 608
531 766
532 679
532 743
533 559
534 622
535 605
535 709
535 876
536 919
537 830
537 856
538 845
539 953
540 590
540 623
540 637
540 834
543 711
543 872
543 979
544 813
545 642
545 772
546 547
546 623
546 782
546 952
547 639
547 879
548 605
548 926
549 896
550 667
550 730
550 983
551 710
552 574
552 601
552 679
552 733
552 925
553 627
553 753
554 559
554 610
554 861
554 927
555 680
555 792
555 809
557 921
558 985
559 743
559 797
559 962
560 902
560 909
561 713
562 630
562 633
563 619
563 685
563 724
563 730
563 827
564 694
564 729
565 872
565 920
567 743
567 797
567 926
568 635
569 929
570 674
570 785
570 843
570 908
571 597
571 619
571 980
572 699
573 851
574 648
575 721
575 731
575 759
575 771
579 703
580 655
580 727
580 940
580 976
581 699
581 809
582 847
583 655
583 892
583 901
583 914
583 967
585 680
586 731
586 963
586 989
588 680
588 746
588 903
589 707
589 811
589 927
590 769
591 648
591 758
591 828
591 944
592 661
592 732
593 710
593 890
594 607
594 623
594 949
595 699
595 755
595 979
596 673
596 701
596 768
597 792
597 829
598 780
598 974
599 946
600 610
600 805
600 983
601 725
601 863
601 910
601 999
602 984
603 677
603 796
605 626
605 929
605 958
606 635
606 718
606 765
606 893
607 964
608 715
610 920
612 954
613 866
613 976
614 628
614 883
614 979
615 671
615 782
616 831
617 740
617 848
617 885
617 903
618 800
618 846
618 850
619 692
619 693
619 807
619 865
620 769
620 810
621 764
621 991
622 689
622 896
622 903
622 918
623 764
624 645
624 689
624 719
625 643
625 655
625 729
625 880
625 929
627 704
627 801
628 860
628 965
628 988
628 991
629 790
630 667
630 815
631 643
632 655
632 838
633 904
634 800
634 836
636 800
637 652
638 929
639 725
639 971
640 996
641 885
641 916
642 792
642 815
642 869
643 992
644 811
644 938
645 962
646 647
646 981
647 845
648 665
648 985
649 758
649 864
649 919
650 785
650 877
650 959
651 795
651 846
652 657
652 746
652 848
652 869
652 927
653 681
654 739
658 954
659 880
660 893
663 774
663 942
663 999
664 846
664 903
665 758
665 874
666 749
667 799
667 923
671 793
673 996
674 829
676 811
677 701
681 731
681 745
681 992
682 951
682 975
682 980
683 700
683 736
683 852
685 693
686 718
686 778
686 897
687 834
687 994
688 917
689 713
690 699
690 907
691 952
691 953
692 813
692 898
695 852
695 854
696 884
697 756
697 801
699 707
699 862
699 998
701 727
701 744
701 962
701 973
702 799
702 888
703 866
704 835
704 930
705 733
705 922
706 874
706 879
706 997
709 763
709 986
710 865
711 984
712 871
713 778
713 802
713 928
714 744
714 887
714 908
714 911
715 830
715 891
716 935
717 756
718 863
719 834
721 756
721 821
721 892
721 914
723 864
723 982
724 826
725 828
726 767
727 926
727 988
728 854
728 983
730 871
731 740
731 795
731 980
732 851
733 849
733 929
733 951
734 814
734 914
734 968
735 800
737 834
737 878
739 761
739 856
740 827
741 750
741 961
741 988
742 909
743 983
744 746
744 816
744 945
744 981
746 751
748 874
749 885
750 799
750 807
751 786
751 817
752 781
753 919
754 901
754 939
754 951
755 816
756 795
756 985
758 965
758 970
759 870
759 940
761 784
761 887
761 918
762 896
762 903
764 815
764 838
767 827
767 882
767 940
767 991
768 831
768 897
768 957
769 932
771 856
773 993
775 965
776 919
776 979
778 841
778 971
779 942
780 816
780 884
780 911
783 820
784 844
786 804
788 812
791 887
793 895
795 850
796 865
796 927
796 972
797 955
798 803
800 804
800 828
800 829
800 916
800 935
802 897
803 843
805 962
809 810
810 824
810 926
810 959
810 995
811 876
812 837
813 878
813 995
815 867
818 970
819 990
820 901
822 912
822 948
823 874
824 933
825 867
825 911
826 886
826 905
827 907
828 857
829 955
830 903
831 849
831 885
833 845
833 849
835 881
835 914
835 932
837 892
837 911
838 869
838 948
838 971
840 901
840 904
840 978
841 872
841 944
842 887
846 895
846 990
849 909
851 924
853 860
854 880
856 994
863 950
865 923
869 950
869 993
872 924
875 948
875 973
879 924
880 910
880 991
881 953
881 957
883 997
886 984
887 978
889 906
889 941
891 975
893 990
895 980
898 981
900 968
904 916
904 947
906 907
911 935
913 981
917 984
919 974
920 967
936 970
938 986
940 960
942 944
942 997
947 993
951 954
979 986
980 983
